AA 2415 2015 2135   
AM 0045 1500 1615    
DT 0123 1230 1320	
FR 1440 1000 1100	
SW 0013 0800 0905	
JB 3626 0721 0830	
UN 4452 0740 0840	
AA 7786 2254 2132
AM 2184 2225 2345
DT 0596 1551 1630	
FR 5378 1150 1300	
SW 9959 1601 1710	
JB 8849 2028 2145	
UN 6110 0805 1000		
AA 1381 0857 1110	
AM 7333 1142 1300	
DT 1857 0958 1540	
FR 8011 1721 1835	
SW 8524 2006 2100	
JB 7098 1452 1550	
UN 7916 1405 1530	
HN 876 1159 1430	
DL 345 0730 0815	
AL 366 0800 0950	
RS 7322 0745 1000	
JK 23 1230 1405		
LO 238 600 0745		
OP 8763 1600 1740	
LK 987 0935 1200
MN 678 1020 1130	
AA -1 -1 -1
LN 543 2200 2330

